000000011111000100000000100101011000
000010001110000000000001000101010110
000000001001000100000001100000010010
000000000000111100000000000000000001
000000000000001000000010100011101010
000000001000000000000011000000101110
000000000001000000000011100000101010
000000000000001000000100000000100110
000000000000111100000000000000000010
000000000000111100000000000000000010
000000000000111100000000000000000010
000000010111000100000110000011010110
000000000000001000000110100001101010
000000110011000000000111000000111110
000000000000111100000000000000000001
000000000000001000001000000001001110
000001000011000000001000100001001010
000000000000111100000000000000000010
000000000000111100000000000000000011
000000000000001000001010000001011110
000001000011000000001010100001011010
000000000000111100000000000000000010
000000000000111100000000000000000010
000000000000001000001100000001100110
000000000000111100000000000000000010
000000000000111100000000000000000010
000000000000001000001101100010100010
000000000000001000001110000010000110
000000110011000000001110100001111010
000000000000111100000000000000000001
000000000000001000001111100010000010
000000000000111100000000000000000010
000000000000111100000000000000000010
000000000000001000010001000010010110
000000000000001000010001100010010010
000000000000111100000000000000000010
000000000000111100000000000000000010
000000000000001000010011000010011110
000000000000111100000000000000000010
000000000000111100000000000000000010
000000000000001000010100100010111010
000000000000001000010101000010110110
000000000000001000010101100010110010
000000000000111100000000000000000010
000000000000111100000000000000000010
000000000000111100000000000000000001
000000000000001000010111100011001010
000000000000001000011000000011000110
000000000000111100000000000000000010
000000000000111100000000000000000010
000000000000001000011001100011010010
000000000000111100000000000000000001
000000000000111100000000000000000010
000000011101000100011011000011100110
000001001011000000011011100011100010
000000000000111100000000000000000010
000000000000111100000000000000000010
000000000000111100000000000000000010
000000000000001000011101100100010010
000000000000001000011110000100001101
000000000000001000011110100100001001
000000000000001000011111000011111101
000000000000111100000000000000000001
000000000000001000100000000100000101
000000000000111100000000000000000010
000000000000111100000000000000000001
000000000000111100000000000000000000
000000000000111100000000000000000001
000000000001001000100010100100101010
000000000001001000100011000100011110
000000000000111100000000000000000010
000000000001001000100100000100100110
000000000000111100000000000000000001
000000000000111100000000000000000010
000000001001001000100101100101010010
000000000001001000100110000101001101
000000000001001000100110100101001010
000000000001001000100111000100111101
000000000000111100000000000000000001
000000000001001000101000000101000101
000000000000111100000000000000000010
000000000000111100000000000000000001
000000000000111100000000000000000010
000000000000111100000000000000000001
000000000000111100000000000000000010
000000000000111100000000000000000001
000100101100000000101011101010000000
000001010101000000101100000111011101
000001001001000000101100100110011011
000000000000001000101101000110010101
000000000000001000101101100110010001
000001000011000100101110000110001101
000000100110000100101110100101111001
000000000000111100000000000000000010
000000011101000000101111100110000001
000000000000111100000000000000000001
000000101111000000110000100110001001
000000000000111100000000000000000010
000000000000111100000000000000000001
000000000000111100000000000000000010
000000000000111100000000000000000010
000000000000111100000000000000000001
000000000000001000110011100111010011
000000111110000100110100000111001110
000000000000001000110100100110101010
000000000000111100000000000000000011
000000000000001000110101100111001010
000000000000001000110110000111000110
000000000000001000110110100111000010
000000000000001000110111000110111110
000000000000111100000000000000000010
000000000000111100000000000000000011
000000000000111100000000000000000010
000000000000111100000000000000000011
000000000000111100000000000000000010
000000000000111100000000000000000010
000000000001001000111010100111011011
000000000000111100000000000000000011
000000000000111100000000000000000001
000001111010001000111100001001010101
000001110110000000111100100111101001
000000000000111100000000000000000001
000001001011000100111101101000010001
000000110110000100111110001000000101
000000000000001000111110101000000001
000000101101000100111111000111111101
000000000000111100000000000000000001
000000000000111100000000000000000010
000000000000111100000000000000000001
000010001011000001000001001000001101
000000000000111100000000000000000010
000000000000111100000000000000000001
000000000000001001000010101000111010
000010111000000101000011001000011101
000000000000111100000000000000000001
000011000101000101000100001000100101
000000000000111100000000000000000010
000011000101000001000101001000101101
000000000000111100000000000000000001
000011100111000001000110001000110101
000000000000111100000000000000000010
000000000000111100000000000000000001
000000000000001001000111101001000010
000000000000111100000000000000000010
000000000101001001001000101001001010
000000000000111100000000000000000001
000000011001001001001001101001010010
000000000000111100000000000000000010
000000000000111100000000000000000001
000010001000000101001011001001011100
000000000000111100000000000000000001
000100011111000101001100001001111100
000011000001000101001100101001101000
000000000000111100000000000000000010
000011110101000001001101101001111000
100001111100001001001110001001110100
000000000000111100000000000000000000
000000000000111100000000000000000010
000000000000111100000000000000000000
000000000000111100000000000000000001
010011001110000001010000101110111000
000010100101001001010001001100100100
000101111010000001010001101010101001
000101110001000001010010001010100101
000101001111000001010010101010100001
000001110001000101010011001010011101
000000000000111100000000000000000001
000000000000111100000000000000000010
000000000000111100000000000000000001
000000000000111100000000000000000011
000111101010000001010101101010110001
000000000000111100000000000000000001
000000000000001001010110101011011001
000000000000001001010111001010111111
000000000000111100000000000000000001
000000000000001001011000001011010111
001000111011000001011000101011001011
000000000000111100000000000000000011
000110010110000101011001101011010010
000000000000111100000000000000000010
000000000000111100000000000000000011
000000000000111100000000000000000011
001001101110000001011011101100001001
001000000100000001011100001011110110
000010110111000101011100101011101001
000000000000111100000000000000000001
000100010011000101011101101011110010
000000000000111100000000000000000011
000000000000111100000000000000000010
000001100000001001011111001100000110
000011010010000101011111101100000010
000000000000111100000000000000000001
000000000000111100000000000000000010
000000000000111100000000000000000000
001111011101000001100001101100100001
001100111110000001100010001100011101
001100111100000001100010101100011001
000000000000111100000000000000000001
000000000000111100000000000000000010
000000000000111100000000000000000001
000000000000111100000000000000000011
000100111101000101100101001101000100
000011111001000101100101101100110001
000000000000111100000000000000000001
001000101010000001100110101101000010
001000010011000001100111001100111110
000000000000111100000000000000000001
000000000000111100000000000000000010
000000000000111100000000000000000001
010000000010000101101001001110101100
010001100101000001101001101110100000
001101111101001001101010001101111100
001011011000000001101010101101101000
001010000101000001101011001101011100
000000000000111100000000000000000000
001010100000000101101100001101100100
000000000000111100000000000000000000
000000000000111100000000000000000000
000011001101001001101101101101111000
001000100001000101101110001101110100
000000000000111100000000000000000010
000000000000111100000000000000000000
000000000000111100000000000000000000
111101000100001001110000001110000101
000000000000111100000000000000000001
001000000010000101110001001110010110
000111000001000101110001101110010001
000000000000111100000000000000000001
000000000000111100000000000000000001
001100111100000101110011001110011110
000000000000111100000000000000000010
000000000000111100000000000000000001
001011111101000101110100101110101000
000000000000111100000000000000000010
000000000000111100000000000000000000
100110101101001001110110001110110100
000000000000111100000000000000000000
000000000000111100000000000000000001
111111011000000001110111110001001001
010011101011000001111000001111001101
000011111011000101111000101111001001
000000000000111100000000000000000001
000000000000111100000000000000000010
010011110011000001111010001111010101
000000000000111100000000000000000011
010011111010000101111011010000010101
011011010001000001111011110000010010
010100001110000001111100001111110101
000000000000001001111100101111101010
000000000000111100000000000000000010
000000000011001001111101101111110001
000000000000111100000000000000000001
000000000000111100000000000000000010
000000000001001001111111010000000101
000100100001000101111111110000000010
000000000000111100000000000000000001
000000000000111100000000000000000010
001101000011000110000001010000001101
000000000000111100000000000000000001
000000000000111100000000000000000010
000000000000111100000000000000000010
011111110111000110000011010001000101
011001010101000110000011110000101001
101111111101000010000100010000100101
000000000000111100000000000000000001
000000000000111100000000000000000010
011101111001000110000101110000111010
101000010010000010000110010000110110
000000000000111100000000000000000001
000000000000111100000000000000000010
101101100110000010000111110001000001
000000000000111100000000000000000001
000000000000111100000000000000000011
000000000000111100000000000000000001
011111110110000110001001110010011001
011001010010000110001010010001111111
010101100100000110001010110001011001
000000000000111100000000000000000001
010111000011000110001011110001100001
000000000000111100000000000000000010
000000010001001010001100110001101001
000000000000111100000000000000000011
000001010100001010001101110001110001
000000000000111100000000000000000001
011000010001000110001110110001111001
000000000000111100000000000000000001
000000000000111100000000000000000011
000000010110001010010000010010000111
000000000000111100000000000000000001
011110010110000110010001010010001111
000000000000111100000000000000000011
000101110100001010010010010010010101
000000000000111100000000000000000011
000000000000111100000000000000000001
111111011000000110010011110010100001
000000000000111100000000000000000001
000000000001001010010100110010101001
000000000000111100000000000000000011
011101000011001010010101110011001001
000100000110001010010110010011000101
000011111111001010010110110011000001
000011001101001010010111010010111101
000000000000111100000000000000000001
000000000000111100000000000000000001
000000000000111100000000000000000011
000000000000111100000000000000000001
011101110010001010011001110011010001
000000000000111100000000000000000011
111100100100001010011010110011011001
000000000000111100000000000000000001
000000000000111100000000000000000001
x
000001000010000000000000100111110000
000000110000000000000001000001111110
000000101001000100000001100001001010
000000001001000100000010000000010110
000000000000111100000000000000000001
000000000000001000000011000001000110
000000010010000000000011100001000010
000000000000001000000100000000111110
000000011010000100000100100000110010
000000000011000000000101000000101110
000000000000111100000000000000000010
000000000000111100000000000000000010
000000001011000000000110100000111010
000000000000111100000000000000000010
000000000000111100000000000000000010
000000000000111100000000000000000010
000000000000111100000000000000000001
000000000000111100000000000000000010
000000000000001000001001100001111001
000000011101000000001010000001100101
000000011001000000001010100001100001
000000011000000000001011000001011101
000000000000111100000000000000000001
000000000000111100000000000000000010
000000000000111100000000000000000001
000000111011000100001101000001110101
000000110100000100001101100001110010
000000000000111100000000000000000010
000000000000111100000000000000000010
000000000000111100000000000000000001
000000000000111100000000000000000010
000000000000001000010000000110000110
000000000000001000010000100100001010
000000110111000000010001000010001110
000000000000111100000000000000000010
000000110000000100010010000100000110
000000000000001000010010100011000010
000000000000001000010011000010111110
000000000000001000010011100010100010
000000000000111100000000000000000010
000000000000001000010100100010110010
000000000000001000010101000010101110
000000000000111100000000000000000010
000000000000111100000000000000000010
000000000000001000010110100010111010
000000000000111100000000000000000010
000000000000111100000000000000000010
000000000000111100000000000000000010
000000000000001000011000100011101010
000000000000001000011001000011001110
000000000000111100000000000000000010
000000000000001000011010000011011110
000000000000001000011010100011011010
000000000000111100000000000000000010
000000000000111100000000000000000010
000000000000001000011100000011100110
000000000000111100000000000000000010
000000000000111100000000000000000010
000000000000001000011101100011110010
000000000000111100000000000000000010
000000000000001000011110100100000010
000000000000001000011111000011111110
000000000000111100000000000000000010
000000000000111100000000000000000010
000000000000111100000000000000000010
000000000000111100000000000000000010
000000000000001000100001100101100010
000000000000001000100010000100111110
000000000000001000100010100100111010
000000000000001000100011000100101110
000000000000001000100011100100101010
000000000000001000100100000100100110
000000000000111100000000000000000010
000000000000111100000000000000000010
000000000000111100000000000000000010
000000000000001000100110000100110110
000000000000111100000000000000000010
000000000000111100000000000000000010
000000000000111100000000000000000010
000000000000001000101000000101000110
000000000000111100000000000000000010
000000000000001000101001000101001110
000000000000111100000000000000000010
000000000000001000101010000101010110
000000000000111100000000000000000010
000000000000001000101011000101011110
000000000000111100000000000000000010
000000000000111100000000000000000010
000000000000001000101100100110000010
000000000000001000101101000101111110
000000000000001000101101100101111010
000000000000001000101110000101110110
000000000000111100000000000000000010
000000000000111100000000000000000001
000000000000111100000000000000000010
000000000000111100000000000000000001
000000000000111100000000000000000010
000000001001001000110001000111101110
000000110000000100110001100111101010
000000000001001000110010000111100110
000000000000001000110010100110011010
000000000000111100000000000000000010
000000000000001000110011100111000010
000000000000001000110100000110101101
000000000000001000110100100110101010
000000000000111100000000000000000001
000000000000111100000000000000000010
000000000000001000110110000110110101
000000000000111100000000000000000001
000000000000001000110111000110111101
000000000000111100000000000000000000
000000000000111100000000000000000001
000000000001001000111000100111001010
000000000000111100000000000000000010
000000000001001000111001100111011010
000000000001001000111010000111010101
000000000000111100000000000000000001
000000000000111100000000000000000001
000000000001001000111011100111100010
000000000000111100000000000000000010
000000000000111100000000000000000010
000000000000111100000000000000000001
000000000000111100000000000000000001
000000000000111100000000000000000010
000100101100000000111110101100011000
000001001100000000111111001001101101
000000000001001000111111101001101011
000000111110000101000000001001100111
000000000000001001000000101001000011
000000000000001001000001001000101110
000000000000001001000001101000010011
000000000000111100000000000000000011
000000000000001001000010101000101011
000000000000001001000011001000011111
000000000000111100000000000000000011
000000011001000101000100001000100110
000000000000111100000000000000000010
000000000000111100000000000000000011
000000000000111100000000000000000011
000000000000001001000110001000110110
000000000000111100000000000000000010
000000000000001001000111001000111110
000000000000111100000000000000000010
000000000000111100000000000000000010
000000000000001001001000101001100011
000000000000001001001001001001011111
000000000000001001001001101001010011
000000000000111100000000000000000011
000000000000001001001010101001011011
000000000000111100000000000000000010
000000000000111100000000000000000011
000000000000111100000000000000000010
000000000000111100000000000000000011
000000000000111100000000000000000010
000000000000111100000000000000000001
000011101100000101001110001011100101
000000000000001001001110101010101001
000010000001000101001111001010010110
000001101110000001001111101010001010
000001011001000001010000001010000101
000000000000111100000000000000000010
000000000000111100000000000000000001
000000000000001001010001101010010010
000000000000111100000000000000000001
000000000000111100000000000000000010
000010011111000001010011001010011101
000000000000111100000000000000000001
000010110011000001010100001010100101
000000000000111100000000000000000010
000000000000111100000000000000000001
000010100010000101010101101011011001
000001101100000101010110001011010101
000011001100000001010110101011001001
000000000000001001010111001011000101
000000110010000101010111101011000001
000000000000111100000000000000000001
000000000000111100000000000000000010
000000000000111100000000000000000001
000001100001000101011001101011010001
000000000000111100000000000000000001
000000000000111100000000000000000010
000000000000111100000000000000000001
000011000001000101011011101011100000
000000000000111100000000000000000010
000000000000111100000000000000000000
000100010000000101011101001100000100
000011101111000001011101101011110000
000000000000111100000000000000000010
000100000111000101011110101100000000
100001111011001001011111001011111100
000000000000111100000000000000000000
000000000000111100000000000000000010
000000000000111100000000000000000000
000100011110000001100001001100010101
000000000000001001100001101100010010
000000000000111100000000000000000001
000000000000111100000000000000000010
000000000000111100000000000000000001
001111101110000101100011110010101000
000010101011001001100100010000001100
000000000000001001100100101110001001
000000000000001001100101001100110111
000101000110000101100101101100110010
000000000000111100000000000000000010
000000000000111100000000000000000001
000100010101000101100111001101000111
000101011011000001100111101101000011
000000000000111100000000000000000010
000000000000111100000000000000000011
000000000000001001101001001101101101
000000000000001001101001101101011010
001010111010000001101010001101010111
000000000000111100000000000000000010
000000000000111100000000000000000011
001000110101000001101011101101100010
000000000000111100000000000000000001
000000000000001001101100101101101010
000000000000111100000000000000000010
000000000000111100000000000000000010
000111010101000101101110001110000101
001010110000000001101110101101111001
000000000000111100000000000000000001
000110100011000101101111101110000010
000000000000111100000000000000000010
000000000000111100000000000000000011
000000000000111100000000000000000001
000000001001001001110001101111011001
010011110101000001110010001111001101
000000000001001001110010101110111001
000010010110000101110011001110011101
000000000000111100000000000000000001
000111101101000001110100001110101110
000110101100000001110100101110101011
000000000000111100000000000000000011
000000000000111100000000000000000001
000111011100000101110110001110110110
000000000000111100000000000000000010
000000000000111100000000000000000011
000100001000000101110111101111000001
000000000000111100000000000000000001
000000000110001001111000101111001001
000000000000111100000000000000000010
000000000000111100000000000000000001
000010110001000101111010001111010110
000000000000111100000000000000000001
000000000000111100000000000000000010
000001110001001001111011101111111010
000001101111001001111100001111110110
001001101101000001111100101111101010
000000000000111100000000000000000010
001010101010000101111101101111110010
000000000000111100000000000000000001
000000000000111100000000000000000010
000000000000111100000000000000000010
001001000101000101111111110000001001
000111010010000110000000010000000100
000000000000111100000000000000000010
000000000000111100000000000000000000
000000000000111100000000000000000001
000100111101000110000010010000111100
111111111111001010000010110000011001
000000000000111100000000000000000001
001000011011000010000011110000110001
000010110111000110000100010000100101
000000000000111100000000000000000001
000111000101000010000101010000101101
000000000000111100000000000000000001
000000000000111100000000000000000001
001000101101000010000110110000111001
000000000000111100000000000000000010
000000000000111100000000000000000001
001110110001000110001000010010011100
010001010100000010001000110010000000
000110101111000010001001010001011100
000101001011000010001001110001011000
100010010001001010001010010001010100
000000000000111100000000000000000000
000000000000111100000000000000000001
000000000000111100000000000000000000
000111000100000010001100010001100100
000000000000111100000000000000000001
001101111101001010001101010001110100
000011001101001010001101110001110000
000000000000111100000000000000000000
000000000000111100000000000000000000
000111111000000110001111010001111110
000000000000111100000000000000000001
000000000000111100000000000000000010
010011001011000010010000110010001001
000000000000111100000000000000000010
001010110100000110010001110010010001
000000000000111100000000000000000001
011001000000000010010010110010011011
000000000000111100000000000000000011
000000000000111100000000000000000001
100110101111001010010100010010100100
000000000000111100000000000000000000
000000000000111100000000000000000001
000010001111001010010101110101001001
111111011000000010010110010011001111
000000000101001010010110110010111001
000000000000111100000000000000000010
000001101101001010010111110011000001
000000000000111100000000000000000001
000001110001001010011000110011001001
000000000000111100000000000000000010
000000000000111100000000000000000001
000001011011001010011010010100011111
000000011110001010011010110011111011
000000000001001010011011010011100111
110000101101000110011011110011100011
000000000000111100000000000000000001
000000000000111100000000000000000011
011001000101000110011101010011110101
000000000101001010011101110011110001
000000000000111100000000000000000001
000000000000111100000000000000000011
000000000000111100000000000000000001
000000101000001010011111110100001011
000000100110001010100000010100000111
000000000000111100000000000000000011
000000000000111100000000000000000001
000000110111001010100001110100010011
000000000000111100000000000000000011
101110011111000110100010110100011011
000000000000111100000000000000000011
000000000000111100000000000000000001
000001101100001010100100010101000111
000001100001001010100100110100110001
010101101010000110100101010100101111
000000000000111100000000000000000001
000000000000111100000000000000000011
000001100111001010100110110101000001
000001100100001010100111010100111101
000000000000111100000000000000000001
000000000000111100000000000000000011
000000000000111100000000000000000001
000000000000111100000000000000000011
100000011000000110101001110101111001
100110101101001010101010010101100101
000011101111001010101010110101100000
000010110110001010101011010101011101
000000000000111100000000000000000011
000000000000111100000000000000000001
000000000000111100000000000000000000
110000111001000010101101010101101101
000000000000111100000000000000000001
111100001011000010101110010101110110
000000000000111100000000000000000010
000000000000111100000000000000000011
100100001010000110101111110110010001
110000100110000010110000010110000101
000000000000111100000000000000000001
100011111001000110110001010110001101
000000000000111100000000000000000001
000000000000111100000000000000000010
111101010110000010110010110110011001
000000000000111100000000000000000001
111100100100001010110011110111000001
111110111101000110110100010110100101
000000000000111100000000000000000001
000100000110001010110101010110110101
000011111010001010110101110110110001
000000000000111100000000000000000001
000000000000111100000000000000000011
001000010000001010110111010110111101
000000000000111100000000000000000001
000000000000111100000000000000000001
000000000000111100000000000000000001
x
000001000010000000000000100101111010
000000110000000000000001000001110110
000000010010000000000001100000110010
000000011010000100000010000000100110
000000010011000100000010100000100010
000000000000001000000011000000011110
000000000000111100000000000000000010
000000000000111100000000000000000010
000000000000111100000000000000000010
000000011101000100000101000000101110
000000000000111100000000000000000010
000000000000111100000000000000000010
000000011101000000000110100001010001
000000000000001000000111000001001101
000000101011000100000111100001001001
000000101010000100001000000001000101
000000000000111100000000000000000001
000000000000111100000000000000000010
000000000000111100000000000000000001
000000000000111100000000000000000010
000000100111000000001010100001011001
000000000000111100000000000000000010
000000000000001000001011100001101001
000000101111000000001100000001100101
000000000000111100000000000000000010
000000000000111100000000000000000001
000000101001000100001101100001110001
000000000000111100000000000000000001
000000000000111100000000000000000010
000000000000001000001111000100100110
000000000000001000001111100011110010
000000110111000000010000000010000110
000000000000111100000000000000000010
000000110000000100010001000011101110
000000000000001000010001100011101010
000000000000001000010010000011001110
000000000000001000010010100010110010
000000000000001000010011000010100110
000000000000001000010011100010100010
000000000000111100000000000000000010
000000000000111100000000000000000010
000000000000001000010101000010101110
000000000000111100000000000000000010
000000000000111100000000000000000010
000000000000001000010110100011000010
000000000000001000010111000010111110
000000000000111100000000000000000010
000000000000111100000000000000000010
000000000000001000011000100011001010
000000000000111100000000000000000010
000000000000111100000000000000000010
000000000000001000011010000011010110
000000000000111100000000000000000001
000000000000001000011011000011011110
000000000000111100000000000000000010
000000000000001000011100000011100110
000000000000111100000000000000000001
000000000000111100000000000000000010
000000000000111100000000000000000001
000000000000111100000000000000000010
000000000000001000011110100100011010
000000000000001000011111000100000110
000000000000001000011111100100000010
000000000000111100000000000000000010
000000000000111100000000000000000001
000000000000001000100001000100010110
000000000000001000100001100100010010
000000000000111100000000000000000010
000000000000111100000000000000000001
000000000000111100000000000000000010
000000000000001000100011100100100010
000000000000111100000000000000000001
000000000000111100000000000000000010
000000000000001000100101000101000110
000000000000001000100101100100110001
000000000000111100000000000000000001
000000000000001000100110100101000001
000000000000001000100111000100111100
000000000000111100000000000000000010
000000000000111100000000000000000000
000000000000111100000000000000000001
000000001001001000101001000101110110
000000000001001000101001100101110010
000000000001001000101010000101100110
000000000001001000101010100101011010
000000000000111100000000000000000010
000000000001001000101011100101100010
000000000000111100000000000000000001
000000000000111100000000000000000010
000000000001001000101101000101101110
000000000000111100000000000000000001
000000000000111100000000000000000010
000000000000111100000000000000000001
000000000000111100000000000000000010
000100000001000100101111101010000000
000000000000001000110000001000011101
000000100110000100110000100110111011
000001100001000000110001000110110111
000000000000001000110001100110100011
000000000000001000110010000110011110
000000011001000100110010100110011011
000000000000111100000000000000000011
000000000000111100000000000000000010
000000000000111100000000000000000010
000000000000001000110100100110110011
000000000000001000110101000110101111
000000000000111100000000000000000011
000000000000111100000000000000000010
000000000000111100000000000000000011
000000000000111100000000000000000010
000000000000001000110111100111011010
000001011001000000111000000111000101
000000000000111100000000000000000010
000010110001000100111001000111001101
000000000000111100000000000000000001
000010110011000000111010000111010101
000000000000111100000000000000000010
000000000000111100000000000000000001
000000000000001000111011101000001010
000000000000001000111100000111111110
000000000000001000111100100111110010
000011110101000000111101000111101110
000000000000111100000000000000000001
000000000000111100000000000000000010
000101011110000000111110100111111010
000000000000111100000000000000000010
000000000000111100000000000000000011
000011111000000001000000001000000110
000000000000111100000000000000000010
000000000000111100000000000000000011
000100001011000001000001101000011011
000000111101000101000010001000010101
000000000000111100000000000000000001
000000000000111100000000000000000010
000000000000111100000000000000000011
000000000101001001000100001000110101
000101110100000001000100101000101001
000000000000111100000000000000000001
000101111010000001000101101000110001
000000000000111100000000000000000011
000000000000111100000000000000000001
000000010101001001000111001001011101
000000001001001001000111101001011001
000000000101001001001000001001010101
000000000101001001001000101001001010
000000000000111100000000000000000010
000010011100000101001001101001010001
000000000000111100000000000000000001
000000000000111100000000000000000010
000000000000111100000000000000000001
000000000000111100000000000000000010
000010110010000101001100001001100101
000000000000111100000000000000000001
000011001100000101001101001001111101
000010101111000001001101101001110010
000000000000111100000000000000000010
000100101101000001001110101001111001
000000000000111100000000000000000000
000000000000111100000000000000000001
000000000000111100000000000000000001
001101011000001001010000110000100000
010011010000000001010001001100110100
000100101001000001010001101010110000
000110100001001001010010001010101100
000001111000001001010010101010101000
000000000000001001010011001010011101
000000000000111100000000000000000001
000000101101001001010100001010100110
000000000000111100000000000000000010
000000000000111100000000000000000001
000000000000111100000000000000000000
000000000000111100000000000000000001
001010111101000001010110101100010000
000100110110000101010111001011001100
000100101011000101010111101011001010
000011010001001001011000001011000110
000000000000111100000000000000000010
000000000000111100000000000000000001
000000000000111100000000000000000001
000001111000001001011010001011101100
000000000000001001011010101011100010
000110111000000101011011001011011101
000000000000111100000000000000000010
000000000000111100000000000000000001
000001000010001001011100101011101010
000000000000111100000000000000000010
000000000000111100000000000000000001
000010101011001001011110001011111100
001001010010000001011110101011111000
000000000000111100000000000000000000
000000000000111100000000000000000001
000011101111001001100000001100000100
000000000000111100000000000000000000
000011101111001001100001001100001100
000000000000111100000000000000000001
000000000000111100000000000000000000
010000010010000001100010101100101000
000111101000000101100011001100100100
000110110010000101100011101100100010
000000000000111100000000000000000010
000000000000111100000000000000000011
000000000000111100000000000000000000
010000010110000001100101101100110000
000000000000111100000000000000000011
000000000000111100000000000000000000
000010000101001001100111001110111101
000001101110001001100111101110100011
000000011110001001101000001101110111
000000001001001001101000101101110011
000000000001001001101001001101011111
101101111001000001101001101101010011
000000000000111100000000000000000010
000000000001001001101010101101011011
000000000000111100000000000000000011
000000000000111100000000000000000011
000000000001001001101100001101100110
000000000000111100000000000000000010
010100001000000101101101001101101110
000000000000111100000000000000000010
000000000000111100000000000000000001
000000000000111100000000000000000001
111011010001000001101111001101111111
000000000000111100000000000000000001
000001011011001001110000001110010111
000000110100001001110000101110001011
000000000000111100000000000000000011
000000111010001001110001101110010011
000000000000111100000000000000000001
000000000000111100000000000000000011
010110010110000101110011001110011111
000000000000111100000000000000000001
000000000000111100000000000000000011
000001111001001001110100101110111010
000001110001001001110101001110101110
000000000000111100000000000000000010
001011010011000101110110001110110110
000000000000111100000000000000000010
000000000000111100000000000000000001
000000000000111100000000000000000011
111101100000000001111000001111000101
000000000000111100000000000000000001
100101101011000101111001001111100101
000010110110001001111001101111010011
000000000000111100000000000000000011
000011110011001001111010101111011001
000000000000111100000000000000000001
001000000010001001111011101111100001
000000000000111100000000000000000011
000000000000111100000000000000000001
000100000110001001111101010000000101
000011000100001001111101101111110001
000000000000111100000000000000000001
000011010001001001111110101111111001
000000000000111100000000000000000011
000100000001001001111111110000000001
000000000000111100000000000000000001
000000000000111100000000000000000011
110111000100000110000001010000001101
000000000000111100000000000000000001
001011000110001010000010010000010101
000000000000111100000000000000000001
001011000111001010000011010000011101
000000000000111100000000000000000011
000000000000111100000000000000000001
111101000100001010000100110001001001
100111000100000010000101010000101101
000000000000111100000000000000000001
111010110101000110000110010000110101
000000000000111100000000000000000001
011101000011001010000111010000111101
000000000000111100000000000000000001
011101110010001010001000010001000101
000000000000111100000000000000000011
000000000000111100000000000000000001
001011101011000110001001110010100001
001000001101000110001010010010000101
000111101011000010001010110001100001
000100011101000110001011010001011101
000000000000111100000000000000000010
000000000000111100000000000000000001
000100011100000110001100110001101010
000000000000111100000000000000000010
000100111010000110001101110001110001
000000000000111100000000000000000001
000101011101000110001110110001111001
000000000000111100000000000000000011
001101001010000010001111110010000001
000000000000111100000000000000000001
000000000000111100000000000000000001
001011010101000110010001010010011110
010010110011000010010001110010010010
000000000000111100000000000000000010
001001011001000110010010110010011001
000000000000111100000000000000000001
000000000000111100000000000000000011
000000000000111100000000000000000011
111110100111000010010100110010111001
110000111001000010010101010010101101
000000000000111100000000000000000001
111000011010000010010110010010110110
000000000000111100000000000000000010
000000000000111100000000000000000011
111111001101000110010111110011000001
000000000000111100000000000000000001
000000000000111100000000000000000001
x
000000000000001000000000101100010000
000000000000001000000001000111100110
000000011111000100000001100100100010
000000000000001000000010000010110110
000000001000000000000010100000101010
000000000000001000000011000000100110
000000000001000000000011100000100010
000000000000111100000000000000000010
000000000000111100000000000000000010
000000000000111100000000000000000010
000000000000001000000101100001011010
000000001011000000000110000000110110
000000000000111100000000000000000010
000000100100000000000111000000111110
000000000000111100000000000000000010
000001000011000000001000000001010110
000000000000001000001000100001001010
000000000000111100000000000000000010
000000000000001000001001100001010010
000000000000111100000000000000000010
000000000000111100000000000000000010
000000000000111100000000000000000010
000000000000001000001011100010001010
000000110011000000001100000001100110
000000000000111100000000000000000001
000000000000001000001101000001111110
000000000000001000001101100001111010
000000000000001000001110000001110110
000000000000111100000000000000000010
000000000000111100000000000000000010
000000000000111100000000000000000010
000000000000001000010000000010000110
000000000000111100000000000000000010
000000000000111100000000000000000010
000000110011000000010001100010010010
000000000000111100000000000000000001
000001011010000000010010100010110010
000000000000001000010011000010100110
000000000000001000010011100010100010
000000000000111100000000000000000010
000000000000111100000000000000000010
000000000000001000010101000010101110
000000000000111100000000000000000010
000000000000111100000000000000000010
000000000000111100000000000000000010
000000010011000100010111000100011110
000000000000001000010111100100000010
000000011110000000011000000011000110
000000000000111100000000000000000010
000001011010000000011001000011111110
000000000000001000011001100011101010
000000000000001000011010000011011110
000000000000001000011010100011011010
000000000000111100000000000000000010
000000000000111100000000000000000010
000000000000001000011100000011100110
000000000000111100000000000000000010
000000000000111100000000000000000010
000000000000001000011101100011110010
000000000000111100000000000000000010
000000000000001000011110100011111010
000000000000111100000000000000000010
000000000000111100000000000000000010
000000000000111100000000000000000010
000000000000001000100000100100010010
000000011110000000100001000100001110
000000000000111100000000000000000010
000000000000111100000000000000000010
000000011110000000100010100100011010
000000000000111100000000000000000010
000000000000111100000000000000000010
000000000000111100000000000000000010
000000100100000100100100100101110001
000000101100000000100101000100101111
000000000000111100000000000000000010
000000000000001000100110000101011111
000000000000001000100110100101001010
000000000000001000100111000100111111
000000000000111100000000000000000011
000000000000001000101000000101000110
000000000000111100000000000000000010
000000000000111100000000000000000011
000000000000001000101001100101010010
000000000000111100000000000000000010
000000000000001000101010100101011010
000000000000111100000000000000000011
000000000000111100000000000000000010
000000000000001000101100000101101111
000000000000001000101100100101101011
000000000000111100000000000000000011
000000000000111100000000000000000010
000000000000111100000000000000000011
000001000010000100101110100110101001
000000000000001000101111000110100101
000000000000001000101111100110100001
000000101111000100110000000110000101
000000000000111100000000000000000001
000000101111000000110001000110011101
000000100010000000110001100110010010
000000000000111100000000000000000010
000000110101000100110010100110011010
000000000000111100000000000000000010
000000000000111100000000000000000010
000000000000111100000000000000000001
000000000000111100000000000000000001
000000000000111100000000000000000010
000001101001000100110101100110110010
000000000000111100000000000000000010
000000000000001000110110100111011001
000010100110000000110111000110111101
000000000000111100000000000000000001
000011000101000100111000000111000101
000000000000111100000000000000000010
000100010001000100111001000111001101
000000000000111100000000000000000001
000110100101000000111010000111010101
000000000000111100000000000000000010
000000000000111100000000000000000001
000110010101000000111011100111100010
000000000000111100000000000000000010
000000000000111100000000000000000001
000000011010000100111101001001111110
000000001001000100111101100111110010
000000000000111100000000000000000001
000000000000001000111110101001011010
000000010011000100111111001001010110
000000000000001000111111101001000010
000000000000001001000000001000011110
000000011110000001000000101000001010
000000000000111100000000000000000010
000000000000001001000001101000011010
000000000000001001000010001000010110
000000000000111100000000000000000010
000000000000111100000000000000000010
000000000000111100000000000000000010
000000011110000001000100001000100110
000000000000111100000000000000000010
000000000000001001000101001000110110
000000000000001001000101101000110010
000000000000111100000000000000000010
000000000000111100000000000000000010
000000000000001001000111001000111110
000000000000111100000000000000000010
000000000000111100000000000000000010
000000000000001001001000101001001010
000000000000111100000000000000000001
000000000000001001001001101001010010
000000000000111100000000000000000010
000000000000111100000000000000000010
000000000000111100000000000000000010
000000000000001001001011101001110010
000000000000001001001100001001101110
000000000000001001001100101001101010
000000000000111100000000000000000010
000000000000111100000000000000000001
000000000000111100000000000000000010
000000000000001001001110101001111010
000000000000111100000000000000000001
000000000000111100000000000000000010
000000000000001001010000001011000111
000000000000001001010000101010110011
000000100011000101010001001010001111
000000000000111100000000000000000011
000101011110000001010010001010011110
000000101011000101010010101010011010
000000000000111100000000000000000001
000000000000111100000000000000000010
000110101110000001010100001010100111
000000000000111100000000000000000011
000111101010000001010101001010101101
000000000000111100000000000000000001
000000000000111100000000000000000011
000100000110000001010110101011000011
000001100001000001010111001010111110
000000000000111100000000000000000011
000000000000111100000000000000000010
000000000000111100000000000000000011
000000000000001001011001001100001111
000010010100000101011001101011011011
000010010000000001011010001011010101
000000000000111100000000000000000010
000000000000111100000000000000000001
000110111100000101011011101011111011
000100010101000101011100001011100111
000000000000111100000000000000000011
001001111100000001011101001011101111
000000000000111100000000000000000001
000110100011000101011110001011110111
000000000000111100000000000000000010
000000000000111100000000000000000011
001101011101000001011111101100000001
000000000000111100000000000000000001
100111001101000101100000101100001010
000000000000111100000000000000000010
000000000000111100000000000000000011
000000000000111100000000000000000001
000011111000000101100010101111010000
000000010100000101100011001101111101
000000001001001001100011101101111010
000000000001001001100100001101110110
000000000000001001100100101101100010
000000000000001001100101001101001110
000000000000001001100101101100110010
000000000000111100000000000000000010
000000000000001001100110101100111010
000000000000111100000000000000000001
000000000000001001100111101101001010
000000000000001001101000001101000110
000000000000111100000000000000000010
000000000000111100000000000000000001
000000000000111100000000000000000010
000000000000001001101010001101010101
000000000000111100000000000000000001
000000000000001001101011001101011100
000000000000111100000000000000000000
000000000000111100000000000000000001
000000000001001001101100101101101010
000000000000111100000000000000000010
000000000001001001101101101101110010
000000000000111100000000000000000001
000000000000111100000000000000000010
000000000000111100000000000000000001
000000000000111100000000000000000010
000000100010001001110000001110111101
000010010001000101110000101110100001
000011010011000001110001001110011101
000001100011000101110001101110010001
000000000000111100000000000000000001
000010011000000001110010101110011010
000000000000111100000000000000000001
000000000000111100000000000000000010
000000000000111100000000000000000001
000000000111001001110100101110111010
000101101100000001110101001110101111
000000000000111100000000000000000001
000011010110000101110110001110110111
000000000000111100000000000000000011
000000000000111100000000000000000001
000000000000111100000000000000000010
000010011101000001111000001111000101
000000000000111100000000000000000001
000010101111000001111001001111001101
000000000000111100000000000000000010
000000000000111100000000000000000001
010011010000000001111010110010100000
001101111111001001111011010001011100
000001111001001001111011110000011000
001110101010000001111100010000010110
001001101110000001111100101111110010
000100110000000101111101001111101110
000000000000111100000000000000000010
000000000000111100000000000000000001
001001111100000001111110110000000010
000000001110001001111111001111111101
000000000000111100000000000000000001
000000000000111100000000000000000010
001011101110000010000000110000001010
000000000000111100000000000000000010
000110001010000110000001110000010010
000000000000111100000000000000000001
000000000000111100000000000000000010
000000000000111100000000000000000011
000010101011001010000011110000101000
001001000101000110000100010000100100
000000000000111100000000000000000000
000000000000111100000000000000000001
000100111011000110000101110000111000
000100110000001010000110010000110100
000000000000111100000000000000000000
000000000000111100000000000000000001
001010000101000010000111110001000000
000000000000111100000000000000000000
000111010100000110001000110001010000
000101110111000110001001010001001110
000000000000111100000000000000000001
000000000000111100000000000000000010
001010001110000010001010110001011000
000000000000111100000000000000000001
000000000000111100000000000000000000
001000010011000010001100010001101101
000100001011000010001100110001101001
000000000000111100000000000000000010
000000000000111100000000000000000001
001011001001000010001110010010000110
000110110111000110001110110010000010
001001000110000010001111010001111110
000000000000111100000000000000000010
000000000000111100000000000000000001
000000000000111100000000000000000010
000110101110000110010001010010001101
000000000000111100000000000000000001
001011110001000110010010010010011101
001111111111000010010010110010011010
000000000000111100000000000000000011
000000000000111100000000000000000010
000000000000111100000000000000000001
100111000000000010010100110011000001
100000111101001010010101010010110110
010000011010000110010101110010110010
000000000000111100000000000000000010
000000000000111100000000000000000001
001001111000000110010111010010111101
000000000000111100000000000000000011
000000000000111100000000000000000001
000010100111001010011000110100010001
011001010010000110011001010011011111
000000010001001010011001110011011001
111110001111000010011010010011010110
000000000000111100000000000000000010
000000000000111100000000000000000011
000000000000111100000000000000000001
011111110110000110011100010011110111
011001111110000110011100110011110011
000000010100001010011101010011101111
000000000000111100000000000000000001
000000000000111100000000000000000011
000000000000111100000000000000000011
111101000110000010011111010011111111
000000000000111100000000000000000001
110000001100000110100000010100000111
000000000000111100000000000000000001
000000001000001010100001010100001111
000000000000111100000000000000000011
000000000000111100000000000000000001
011101000100000110100010110100101001
100101110111001010100011010100011101
000000000000111100000000000000000001
110000111001000010100100010100100101
000000000000111100000000000000000001
000000000000111100000000000000000010
111101100000000010100101110100110001
000000000000111100000000000000000001
111001001111001010100110110101100001
000100000110001010100111010101001101
000100000001001010100111110101001001
111111011000000110101000010101000101
000000000000111100000000000000000001
000000000000111100000000000000000001
000000000000111100000000000000000011
111010110111000110101010010101010101
000000000000111100000000000000000001
001000010001001010101011010101011101
000000000000111100000000000000000001
000000000000111100000000000000000001
111111001101000110101100110101101001
000000000000111100000000000000000001
000000000000111100000000000000000001
x
000000011111000100000000100011111010
000010001110000000000001000011110110
000000001000000000000001100000100010
000000000001000000000010000000011110
000000000000001000000010100000011010
000000000000111100000000000000000010
000000000000111100000000000000000010
000000000000111100000000000000000010
000000110011000000000100100000111010
000000011011000000000101000000110110
000000011101000100000101100000110010
000000000000111100000000000000000010
000000000000111100000000000000000010
000000000000111100000000000000000001
000000010111000100000111100011110010
000001000011000000001000000011011110
000000000000001000001000100010100010
000000000000001000001001000001101110
000000000000001000001001100001010010
000000000000111100000000000000000010
000000000000001000001010100001100010
000000000000001000001011000001011110
000000000000111100000000000000000010
000000000000111100000000000000000010
000000000000001000001100100001101010
000000000000111100000000000000000010
000000000000111100000000000000000010
000000000000001000001110000010001110
000000000000001000001110100010000010
000000000000001000001111000001111110
000000000000111100000000000000000010
000000000000111100000000000000000010
000000000000001000010000100010001010
000000000000111100000000000000000010
000000000000111100000000000000000010
000000000000001000010010000010011110
000000000000001000010010100010011010
000000000000111100000000000000000010
000000000000111100000000000000000001
000000000000111100000000000000000010
000000000000001000010100100011000010
000000000000001000010101000010111110
000000000000001000010101100010111010
000000000000001000010110000010110101
000000000000111100000000000000000001
000000000000111100000000000000000001
000000000000111100000000000000000010
000000000000111100000000000000000001
000000001001001000011000100011011010
000000000001001000011001000011010110
000000000001001000011001100011010010
000000000000111100000000000000000010
000000000000111100000000000000000010
000000000000111100000000000000000001
000000000000111100000000000000000010
000001100001000000011100000011101110
000000000000001000011100100011101010
000000000000111100000000000000000011
000000000000111100000000000000000010
000000000000111100000000000000000010
000000000000111100000000000000000010
000000000000111100000000000000000001
000100101010000000011111101001011000
000001010101000000100000000110010101
000000000000001000100000100101110011
000000110001000000100001000101000110
000000101111000100100001100100111001
000000010111000000100010000100100101
000000010001000000100010100100011010
000000000000111100000000000000000010
000000000000001000100011100100100001
000000000000111100000000000000000001
000000000000111100000000000000000010
000000101011000100100101000100110101
000000101010000100100101100100110001
000000000000111100000000000000000001
000000000000111100000000000000000010
000000000000111100000000000000000001
000000101111000000100111100101000001
000000000000111100000000000000000010
000000000000111100000000000000000001
000001001000000000101001000101001110
000000000000111100000000000000000010
000000000000001000101010000101010110
000000000000111100000000000000000010
000000000000001000101011000101011110
000000000000111100000000000000000011
000000000000001000101100000101100110
000000000000111100000000000000000010
000000000000001000101101000101101110
000000000000111100000000000000000011
000000000000111100000000000000000010
000000000000001000101110100110010011
000000101110000100101111000110001111
000000000000001000101111100110001011
000000000000001000110000000110000111
000000000000111100000000000000000011
000000000000111100000000000000000010
000000000000111100000000000000000011
000000000000111100000000000000000010
000000000000111100000000000000000001
000011110101000100110011001000110101
000000000000001000110011100111100001
000001101001000100110100000110111110
000000000000001000110100100110101010
000000000000111100000000000000000001
000000000000001000110101100110110010
000000000000111100000000000000000010
000000000000001000110110100110111010
000000000000111100000000000000000001
000000000000111100000000000000000010
000011001001000000111000000111011101
000010011111000000111000100111001001
000000000000111100000000000000000001
000000000000001000111001100111011001
000010110011000000111010000111010101
000000000000111100000000000000000010
000000000000111100000000000000000001
000000000000111100000000000000000010
000000000000111100000000000000000010
000010101001000000111100101000000001
000001000011000100111101000111111101
000000000000001000111101100111111001
000010010111000000111110000111110101
000000000000111100000000000000000010
000000000000111100000000000000000001
000000000000111100000000000000000001
000000000000111100000000000000000001
000011010010000001000000101000110001
000110000101001001000001001000100101
000011001100000001000001101000100010
000010110001000001000010001000010101
000000000000111100000000000000000001
000001001100001001000011001000011100
000000000000111100000000000000000001
000000000000111100000000000000000000
000000000000111100000000000000000010
000010101111000001000101001000101101
000000000000111100000000000000000010
000000000000111100000000000000000001
000000000000111100000000000000000001
000100110000000101000111001001010100
000100000001000101000111101001000000
000000000000111100000000000000000010
000100011100000101001000101001010000
100001111100001001001001001001001100
000000000000111100000000000000000000
000000000000111100000000000000000010
000000000000111100000000000000000010
000000000000111100000000000000000001
001111111000000101001011101111101000
000010101011001001001100001100110100
000010001000000101001100101001101001
000000000000111100000000000000000001
000000000000001001001101101011000010
000000000000001001001110001001111111
000100000001000101001110101001111001
000000000000111100000000000000000010
000000000000111100000000000000000001
000100010011000101010000001010001111
000010101000000101010000101010001011
000000000000111100000000000000000010
000000000000111100000000000000000011
000000000000001001010010001010100101
001001111100000001010010101010011001
000000000000111100000000000000000001
001111100010000001010011101010100010
000000000000111100000000000000000011
000000000000111100000000000000000010
000111100110000101010101001010110110
001000110100000001010101101010110010
000000000000111100000000000000000001
000000000000111100000000000000000010
010101011100000001010111001010111111
000000000000111100000000000000000011
000000000000111100000000000000000010
000001110001001001011000101100010010
000101101110000101011001001011110110
001001101110000001011001101011100010
000100001101000101011010001011011110
000101010111000001011010101011011010
000000000000111100000000000000000010
000000000000111100000000000000000001
000000000000111100000000000000000010
000100110100000101011100101011101001
000000000000111100000000000000000001
000101001111000101011101101011110010
000000000000111100000000000000000010
000000000000111100000000000000000001
000111011100000101011111001011111110
000000000000111100000000000000000010
010011000101000001100000001100001110
001101111011000001100000101100001010
000000000000111100000000000000000010
000000000000111100000000000000000011
000000000000111100000000000000000010
000101000111000101100010101100011001
000000000000111100000000000000000010
000001111011001001100011101100100001
000000000000111100000000000000000001
000010000011001001100100101100101001
000000000000111100000000000000000000
001001010010000001100101101100110001
000000000000111100000000000000000000
000000000000111100000000000000000001
001101101000001001100111001110001100
000011001101001001100111101101110000
001011000001000001101000001101100100
001001011010000001101000101101010000
000100001111000101101001001101001100
000000000000111100000000000000000001
000000000000111100000000000000000000
000011000010001001101010101101100000
001010010110000001101011001101011100
000000000000111100000000000000000001
000000000000111100000000000000000000
000000000000111100000000000000000000
001000100001000101101101001101101100
000000000000111100000000000000000010
000000000000111100000000000000000000
001010111101000001101110101110001000
001010110000000001101111001110000100
000100110000000101101111101110000000
000000000000111100000000000000000001
000000000000111100000000000000000000
000000000000111100000000000000000001
000000000000111100000000000000000000
000010110111000101110010001110010101
000000000000111100000000000000000001
101000100111001001110011001110011101
000000000000111100000000000000000001
000100011100000101110100001110110101
000011111001000101110100101110110010
000111000101000001110101001110101101
000000000000111100000000000000000010
000000000000111100000000000000000001
000000000000111100000000000000000010
001000001101000101110111001111001101
001010000010000001110111101111000001
000000000000111100000000000000000001
001011010010000001111000101111001011
000000000000111100000000000000000011
000000000000111100000000000000000001
001011011100000101111010001111011110
010010110011000001111010101111011010
000000000000111100000000000000000010
000000000000111100000000000000000001
001110100101000101111100001111100101
000000000000111100000000000000000001
000000000000111100000000000000000001
011111110110000101111101110001100001
011001010010000101111110010000101111
010000100000000101111110101111111001
000000000000111100000000000000000001
010110110101000001111111110000000001
000000000000111100000000000000000000
010011111010000110000000110000010001
111110010010000010000001010000001110
000000000000111100000000000000000010
000000000000111100000000000000000001
011000110010000110000010110000101001
110000111001000010000011010000011101
000000000000111100000000000000000001
010101100100000110000100010000100101
000000000000111100000000000000000001
000000000000111100000000000000000010
000000000000111100000000000000000001
100010010010001010000110010001010111
011010010000000110000110110001010011
101110011111000010000111010000111111
000000000000111100000000000000000001
000000010100001010001000010001000111
000000000000111100000000000000000001
000010000011001010001001010001001111
000000000000111100000000000000000011
000000000000111100000000000000000001
000000000000111100000000000000000011
101000111001000010001011010001011110
000000000000111100000000000000000001
000000000000111100000000000000000010
111111011000000110001100110001111001
111101011000000010001101010001101101
000000000000111100000000000000000001
111001001111001010001110010001110101
000000000000111100000000000000000001
000000000000111100000000000000000010
000000000001001010001111110010000001
000000000000111100000000000000000011
111100100100001010010000110010111001
011011111000001010010001010010101101
000011010001001010010001110010011001
000011000100001010010010010010010101
000000000000111100000000000000000001
000000000000111100000000000000000011
001011110010001010010011110010100001
000000000000111100000000000000000001
001011111000001010010100110010101001
000000000000111100000000000000000011
000000000000111100000000000000000001
011101110010001010010110010010110101
000000000000111100000000000000000011
000000000000111100000000000000000001
000000000000111100000000000000000001
x
000001000111000000000000100101011010
000000000000001000000001000001011110
000000100100000100000001100000110010
000000011010000100000010000000100110
000000010101000100000010100000100010
000000011110000000000011000000011110
000000000000111100000000000000000010
000000000000111100000000000000000010
000000000000111100000000000000000010
000000011101000100000101000000101110
000000000000111100000000000000000010
000000000000111100000000000000000010
000000110001000000000110100001011001
000000011101000000000111000001001101
000000101011000100000111100001001001
000000011000000000001000000001000101
000000000000111100000000000000000001
000000000000111100000000000000000010
000000000000111100000000000000000001
000001000001000100001010000001010101
000000000000111100000000000000000010
000000000000111100000000000000000001
000000000000111100000000000000000010
000000000000001000001100000011101110
000000001001000100001100100001101010
000000000000111100000000000000000001
000000100110000000001101100001110010
000000000000111100000000000000000010
000000000000001000001110100011001010
000000100111000100001111000011000110
000000000000001000001111100010110010
000000000000001000010000000010010110
000000110011000000010000100010001010
000000000000111100000000000000000001
000000000000001000010001100010010010
000000000000111100000000000000000010
000000000000111100000000000000000010
000000000000001000010011000010100110
000000000000001000010011100010100010
000000000000111100000000000000000010
000000000000111100000000000000000010
000000000000001000010101000010101110
000000000000111100000000000000000010
000000000000111100000000000000000010
000000000000001000010110100010111010
000000000000111100000000000000000001
000000000000001000010111100011000010
000000000000111100000000000000000010
000000000000111100000000000000000010
000000000000111100000000000000000010
000000000000001000011001100011011010
000000000000001000011010000011010110
000000000000111100000000000000000010
000000000000111100000000000000000001
000000000000001000011011100011100010
000000000000111100000000000000000010
000000000000001000011100100011101010
000000000000111100000000000000000001
000000000000111100000000000000000010
000001000000000000011110000101010110
000000000000001000011110100100110010
000000110000000100011111000100101110
000000000000001000011111100100101010
000000000000001000100000000100000110
000000000000111100000000000000000001
000000000000001000100001000100011110
000000000000001000100001100100011010
000000000000001000100010000100010110
000000000000111100000000000000000010
000000000000111100000000000000000001
000000000000111100000000000000000010
000000000000001000100100000100100110
000000000000111100000000000000000001
000000000000111100000000000000000010
000000000000111100000000000000000001
000000000000111100000000000000000001
000000001001001000100110100101010010
000000000001001000100111000101001110
000000000001001000100111100101000010
000000000000111100000000000000000010
000000000001001000101000100101001010
000000000000111100000000000000000001
000000000000111100000000000000000010
000000000000111100000000000000000001
000000000000111100000000000000000010
000000000000111100000000000000000001
000100000001000100101011101001000000
000000000000001000101100000111110101
000000100110000100101100100110110011
000000000000001000101101000110001111
000000011001000100101101100110000010
000001100001000000101110000101111110
000000000000001000101110100101111010
000000000000111100000000000000000011
000000000000111100000000000000000010
000000000000111100000000000000000010
000000000000001000110000100110001010
000000000000111100000000000000000011
000000000000111100000000000000000010
000000000000001000110010000110101111
000000000000001000110010100110101011
000000000000001000110011000110100111
000000000000001000110011100110100011
000000000000111100000000000000000011
000000000000111100000000000000000010
000000000000111100000000000000000011
000000000000111100000000000000000010
000000000000111100000000000000000011
000001100101000100110110100111000010
000010011101000000110111000110111110
000000000000111100000000000000000010
000000000000111100000000000000000001
000000000000001000111000100111100001
000011011011000100111001000111011101
000010111000000100111001100111010001
000000000000111100000000000000000001
000010110011000000111010100111011001
000000000000111100000000000000000010
000000000000111100000000000000000001
000000000000111100000000000000000010
000010101000000100111100100111110011
000001110011000100111101000111101110
000000000000111100000000000000000001
000000000000111100000000000000000010
000000000000111100000000000000000011
000010010010001000111111001000100101
000010010001000100111111101000010001
000011001100000001000000001000000101
000000000000111100000000000000000001
000000001111001001000001001000001101
000000000000111100000000000000000001
000000000000111100000000000000000010
000101010111000001000010101000011010
000000000000111100000000000000000010
000011010001000101000011101000100001
000000000000111100000000000000000011
000000000000111100000000000000000001
000010110010000101000101001000101101
000000000000111100000000000000000001
000100101101000001000110001000111101
001000000100001001000110101000111010
000000000000111100000000000000000000
000000000000111100000000000000000010
000000000000111100000000000000000001
001101011000001001001000101110100000
010011010000000001001001001011111100
000100111011000101001001101001111000
000001100110001001001010001001101100
001001101110000001001010101001100010
000100100100000101001011001001011110
000000000000111100000000000000000001
000000000000111100000000000000000010
000100101011000101001100101001101001
000000000000111100000000000000000010
000000000000111100000000000000000001
000100010110000101001110001001110100
000000000000111100000000000000000000
000000000000111100000000000000000001
001000101010000101001111101011001000
000111110101000101010000001010111100
001001001001000001010000101010100000
000101110011000101010001001010011100
000001011110001001010001101010011000
000101001000000001010010001010010110
000000000000111100000000000000000010
000000000000111100000000000000000001
000000000000111100000000000000000000
000000000000111100000000000000000000
000110110010000101010100101010111011
000000111000001001010101001010110110
000101101110000101010101101010110010
000000000000111100000000000000000001
000000000000111100000000000000000010
000000000000111100000000000000000010
000000000000111100000000000000000011
001000101110000001011000001011000100
000000000000111100000000000000000001
000000000000111100000000000000000000
001011001011000101011001101011111000
000010101011001001011010001011100100
001010011000000001011010101011100001
001001111100000001011011001011011101
000000000000111100000000000000000010
000000000000111100000000000000000001
000000000000111100000000000000000010
001001111000000001011101001011101100
000000000000111100000000000000000000
001010001110000001011110001011110100
000000000000111100000000000000000001
000000000000111100000000000000000000
000000000000111100000000000000000000
011111110101000101100000001101101101
111111011000000001100000101100101011
011011001111000001100001001100011110
001111111100000101100001101100010010
000000000000111100000000000000000010
010111101000000001100010101100011001
000000000000111100000000000000000000
000000000000111100000000000000000001
010111110110000101100100001100100110
000000000000111100000000000000000010
000000000000111100000000000000000001
000000011110001001100101101101000011
011001000101000101100110001100111101
010110110011000101100110101100111011
000000000000111100000000000000000001
000000000000111100000000000000000011
000000000000111100000000000000000001
000001100001001001101000101101010011
011001010010000101101001001101001111
000000000000111100000000000000000001
000000000000111100000000000000000011
010111110100000101101010101101101011
000001101110001001101011001101011101
000000000000111100000000000000000001
000001110001001001101100001101100101
000000000000111100000000000000000010
000000000000111100000000000000000001
000000000000111100000000000000000011
111101001001000101101110001101110101
000000000000111100000000000000000001
000000000001001001101111001101111101
000000000000111100000000000000000011
001011000110001001110000001110010101
000011001111001001110000101110010001
000011000101001001110001001110001101
000000000000111100000000000000000001
000000000000111100000000000000000011
000000000000111100000000000000000001
001011000111001001110011001110011101
000000000000111100000000000000000011
000000000000111100000000000000000001
111001001111001001110100101110101001
000000000000111100000000000000000001
001110011011000001110101101111101001
000111101011000001110110001110111110
000100011011000101110110101110111001
000000000000111100000000000000000010
000000000000111100000000000000000001
000111111000000101111000001111100110
000100011100000101111000101111001010
000000000000111100000000000000000010
001010000010000001111001101111010011
000000000000111100000000000000000001
000110011001000101111010101111100011
000101011101000101111011001111011111
000000000000111100000000000000000011
000000000000111100000000000000000001
000000000000111100000000000000000011
000000000000111100000000000000000010
001011101011000101111101110000000001
001001011001000101111110001111111110
001000111010000101111110101111111010
000000000000111100000000000000000010
000000000000111100000000000000000001
000000000000111100000000000000000011
100110111100000110000000110000111001
010111110010000110000001010000011101
001110101100000110000001110000011001
001101000101000110000010010000010101
000000000000111100000000000000000001
000000000000111100000000000000000011
000000000000111100000000000000000001
011001111111000110000100010000100110
000000000000111100000000000000000010
101100010010000010000101010000101101
000000000000111100000000000000000001
100001001011000110000110010000110110
000000000000111100000000000000000010
000000000000111100000000000000000010
111111001101000110000111110001000001
000000000000111100000000000000000001
000000000000111100000000000000000001
x